0.630767
0.630964
0.679451
0.685439
0.686868
0.692902
0.710048
0.723092
0.730414
0.720296
0.742878
0.747582
0.753323
0.75458
0.76155
0.763075
0.760981
0.765809
0.772213
0.771375
0.77256
0.775223
0.776821
0.778052
0.780469
0.782387
0.777434
0.782092
0.784853
0.780934
0.783641
0.790786
0.791178
0.790806
0.791572
0.791129
0.791646
0.785786
0.786331
0.790691
0.794681
0.794304
0.797456
0.796794
0.797806
0.796474
0.789799
0.794774
0.801794
0.80241
0.800907
0.801942
0.793346
0.802089
0.800488
0.799479
0.805685
0.806619
0.802949
0.805609
0.804574
0.799506
0.811126
0.810437
0.811619
0.811717
0.809547
0.811099
0.811446
0.81386
0.812506
0.811225
0.814624
0.814698
0.81238
0.815855
0.814279
0.816422
0.817235
0.815535
0.815781
0.818193
0.816247
0.817552
0.818045
0.816715
0.818146
0.818267
0.819276
0.819252
0.81753
0.815092
0.819055
0.819178
0.819104
0.815727
0.816764
0.819919
0.81955
0.818712
0.822035
0.812259
0.813412
0.82285
0.818685
0.823124
0.824749
0.825538
0.824848
0.825538
0.822308
0.819131
0.824602
0.826671
0.827508
0.824498
0.827875
0.828491
0.828762
0.828491
0.827998
0.828244
0.829941
0.829153
0.82588
0.829794
0.830385
0.829621
0.827038
0.829033
0.830237
0.830067
0.829572
0.831096
0.829134
0.829131
0.829621
0.829424
0.830828
0.831271
0.832577
0.832183
0.832946
0.833729
0.834835
0.834835
0.832084
0.825505
0.831444
0.833138
0.834594
0.82967
0.833042
0.833828
0.835454
0.832498
0.834963
0.834887
0.834542
0.831045
0.83639
0.836094
0.835651
0.834616
0.83718
0.835434
0.834868
0.835089
0.836318
0.83654
0.833633
0.837697
0.836616
0.838264
0.836835
0.835826
0.837601
0.837109
0.839101
0.839323
0.835675
0.83834
0.839276
0.839005
0.838193
0.839597
0.839794
0.840606
0.839249
0.839991
0.83856
0.841417
0.837424
0.841518
0.839816
0.841247
0.841395
0.841764
0.840924
0.831496
0.841666
0.841789
0.841616
0.836813
0.841217
0.840136
0.837355
0.839693
0.841737
0.840601
0.8407
0.840133
0.837104
0.837793
0.836789
0.842104
0.840993
0.84154
0.839766
0.842348
0.838535
0.842449
0.842424
0.842523
0.836835
0.839597
0.84139
0.841712
0.842892
0.839074
0.840407
0.842525
0.843067
0.838557
0.841683
0.844766
0.843779
0.842843
0.840527
0.842473
0.842867
0.84136
0.842427
0.843382
0.828877
0.834439
0.842594
0.842818
0.843678
0.843554
0.843751
0.843382
0.843801
0.843407
0.843015
0.84151
0.840158
0.843853
0.844537
0.844638
0.841953
0.844488
0.836981
0.843973
0.843998
0.844907
0.837249
0.840057
0.840695
0.844069
0.842717
0.841904
0.843557
0.842692
0.840451
0.845276
0.843924
0.839463
0.84269
0.844143
0.839168
0.844685
0.84434
0.844315
0.843256
0.840719
0.845301
0.845079
0.841113
0.844365
0.845325
0.84471
0.845448
0.844045
0.845279
0.844463
0.830424
0.844835
0.844293
0.842222
0.842419
0.845082
0.843875
0.83732
0.845205
0.844146
0.842175
0.845352
0.843062
0.838921
0.845251
0.843904
0.842077
0.84316
0.838259
0.842227
0.839121
0.845254
0.845845
0.844887
0.844318
0.846633
0.839047
0.829958
0.847397
0.846067
0.846485
0.842421
0.847052
0.84518
0.836535
0.846956
0.838751
0.84555
0.843631
0.843062
0.845601
0.847079
0.840968
0.847025
0.847591
0.845596
0.847421
0.84668
0.840771
0.847224
0.844414
0.845498
0.846729
0.843678
0.849269
0.848626
0.848678
0.839441
0.847323
0.846633
0.846877
0.845057
0.846311
0.845352
0.84668
0.845352
0.848185
0.845155
0.839146
0.844564
0.845673
0.847495
0.847252
0.832057
0.845946
0.84737
0.842128
0.845377
0.847495
0.844148
0.842473
0.844909
0.845993
0.844761
0.846929
0.8472
0.844222
0.847079
0.848015
0.84799
0.845727
0.845008
0.839518
0.84666
0.845629
0.839693
0.846855
0.847402
0.83785
0.847944
0.84669
0.846739
0.847697
0.847281
0.847424
0.846463
0.844252
0.84671
0.847424
0.847279
0.840407
0.847052
0.847742
0.848284
0.84634
0.842547
0.845404
0.846392
0.843067
0.841096
0.84688
0.847052
0.846244
0.845456
0.847027
0.847914
0.847175
0.845013
0.843582
0.828656
0.847025
0.843335
0.843678
0.848084
0.847099
0.842769
0.843015
0.846953
0.845796
0.845306
0.847692
0.845626
0.846784
0.848872
0.837791
0.842495
0.848062
0.843776
0.847939
0.847397
0.84454
0.846729
0.848672
0.83353
0.845178
0.844811
0.848429
0.848946
0.847348
0.843921
0.847939
0.846163
0.844759
0.847641
0.847616
0.844958
0.846237
0.840254
0.848626
0.849512
0.848626
0.848702
0.848478
0.843136
0.845227
0.848281
0.845153
0.848059
0.846532
0.847173
0.847173
0.847219
0.847594
0.841633
0.847816
0.841042
0.847865
0.846485
0.845005
0.843751
0.846778
0.847495
0.843256
0.847345
0.848949
0.848678
0.843503
0.848653
0.847739
0.848453
0.848059
0.843946
0.845399
0.848182
