0.650259
0.640154
0.621948
0.609149
0.583777
0.571645
0.590036
0.553662
0.538764
0.519155
0.530005
0.504276
0.503357
0.495217
0.479606
0.478009
0.446886
0.469689
0.465343
0.462144
0.440755
0.432052
0.432404
0.449453
0.441502
0.427575
0.449784
0.427991
0.447222
0.430977
0.432485
0.440054
0.414449
0.429677
0.398971
0.402102
0.393691
0.4064
0.414164
0.379927
0.389762
0.39667
0.384502
0.389876
0.367722
0.388563
0.386388
0.393197
0.398195
0.375148
0.373889
0.375584
0.375246
0.383382
0.372373
0.357343
0.367061
0.351057
0.365457
0.372483
0.388439
0.366804
0.366262
0.357334
0.356173
0.360385
0.352222
0.378659
0.366524
0.345728
0.358312
0.348275
0.345382
0.344415
0.344369
0.364666
0.346404
0.333156
0.334393
0.333137
0.339389
0.337403
0.370788
0.33812
0.337048
0.3302
0.325201
0.307403
0.317296
0.343925
0.342494
0.313195
0.316908
0.314882
0.304848
0.315907
0.314379
0.331035
0.293217
0.312228
0.315135
0.320021
0.320336
0.309667
0.283562
0.29623
0.29785
0.304231
0.311868
0.322926
0.307743
0.299098
0.300587
0.311245
0.290689
0.301852
0.30065
0.310105
0.310286
0.294903
0.282542
0.287076
0.320433
0.278707
0.280716
0.282038
0.299407
0.269012
0.30518
0.270199
0.299545
0.268227
0.25427
0.276398
0.249215
0.271234
0.286681
0.243237
0.27393
0.258071
0.262934
0.247075
0.28026
0.268197
0.289314
0.243679
0.261149
0.254827
0.268791
0.278676
0.271167
0.271879
0.253077
0.247147
0.287834
0.248106
0.258405
0.222891
0.255492
0.257827
0.235494
0.253376
0.25794
0.226401
0.247978
0.253197
0.227772
0.224642
0.245788
0.228975
0.237333
0.241287
0.22476
0.241379
0.232585
0.231477
0.22868
0.224261
0.216539
0.233253
0.251583
0.214575
0.246746
0.220798
0.228985
0.228786
0.250156
0.218302
0.225882
0.221442
0.229067
0.221154
0.222985
0.233254
0.226695
0.236489
0.219759
0.221074
0.235253
0.230736
0.209938
0.210515
0.212007
0.210726
0.187331
0.210292
0.210892
0.213131
0.220228
0.224621
0.209836
0.216401
0.210637
0.213061
0.208633
0.199551
0.21817
0.212956
0.207649
0.210874
0.198394
0.194855
0.206039
0.186696
0.213297
0.201831
0.202797
0.179082
0.185135
0.195544
0.208655
0.184011
0.219297
0.197016
0.196568
0.177725
0.187599
0.209681
0.180359
0.200124
0.167632
0.175776
0.191039
0.188014
0.186344
0.205189
0.179429
0.18601
0.172798
0.162222
0.167857
0.19077
0.182942
0.197667
0.191404
0.172223
0.193693
0.176985
0.170657
0.162524
0.178178
0.177969
0.178902
0.146288
0.159407
0.158701
0.167014
0.177621
0.169957
0.193655
0.154516
0.20517
0.18114
0.186435
0.159403
0.192051
0.174938
0.170703
0.172638
0.16413
0.181941
0.174515
0.164248
0.155146
0.184798
0.175486
0.18097
0.171761
0.15511
0.172211
0.135384
0.176787
0.158061
0.150052
0.179486
0.164295
0.161707
0.158566
0.152309
0.151241
0.152837
0.17328
0.160059
0.159712
0.164145
0.141169
0.142907
0.148203
0.135124
0.178585
0.139021
0.156595
0.155532
0.175404
0.142924
0.162483
0.161647
0.147947
0.134007
0.160066
0.157497
0.138729
0.156381
0.150574
0.157408
0.153788
0.148103
0.157224
0.143761
0.162805
0.128996
0.151738
0.14096
0.158065
0.15447
0.153124
0.146253
0.147355
0.140787
0.133887
0.140128
0.147881
0.128859
0.134274
0.136849
0.140026
0.124385
0.139649
0.144208
0.129261
0.13383
0.129397
0.137847
0.135169
0.151971
0.119136
0.129289
0.15952
0.142118
0.134922
0.12672
0.123767
0.1258
0.124073
0.139494
0.13835
0.125389
0.123138
0.13096
0.120755
0.143515
0.137034
0.133593
0.137257
0.125857
0.114653
0.134686
0.146572
0.124911
0.141093
0.125931
0.13372
0.120368
0.108841
0.12155
0.121551
0.133505
0.130159
0.134233
0.12628
0.113024
0.112612
0.112872
0.116809
0.11072
0.125972
0.111406
0.126724
0.117998
0.122684
0.110109
0.106886
0.134136
0.104657
0.106827
0.113168
0.139439
0.127758
0.103359
0.131838
0.12683
0.12977
0.113107
0.099624
0.127944
0.135816
0.119861
0.1181
0.118363
0.122146
0.104552
0.102655
0.113662
0.089348
0.102184
0.129882
0.106478
0.108333
0.119721
0.10996
0.124514
0.130798
0.101515
0.132688
0.0931
0.093532
0.101681
0.100957
0.115492
0.106738
0.119279
0.08812
0.125039
0.104956
0.103826
0.106436
0.100808
0.10952
0.103817
0.103737
0.116049
0.097972
0.105207
0.108459
0.119486
0.113256
0.104212
0.103861
0.096699
0.101255
0.094991
0.085795
0.104685
0.08796
0.102624
0.084448
0.09263
0.084078
0.091005
0.114416
0.104832
0.09696
0.121068
0.084777
0.099517
0.095804
0.095762
0.102048
0.096799
0.105017
0.110294
0.098423
0.10347
0.097586
0.098286
0.094689
0.105106
0.104392
0.083593
0.108854
0.091835
0.10543
0.090713
0.077807
0.081493
0.087139
0.104373
0.086549
0.089601
0.095631
