0.630685
0.630685
0.630685
0.630685
0.641595
0.678852
0.689124
0.69603
0.703176
0.709289
0.714315
0.717506
0.720503
0.722843
0.723515
0.72566
0.724994
0.735475
0.734862
0.73907
0.738372
0.740875
0.743098
0.744703
0.749864
0.745524
0.748573
0.74987
0.749826
0.754051
0.754543
0.754041
0.753028
0.758186
0.755392
0.756299
0.759862
0.760349
0.760303
0.760923
0.763419
0.764968
0.762469
0.764982
0.758466
0.766841
0.76521
0.764739
0.766345
0.768021
0.76132
0.76911
0.769182
0.768835
0.768947
0.767231
0.770571
0.768416
0.770631
0.773102
0.773541
0.772232
0.772822
0.769766
0.774611
0.775378
0.773543
0.771915
0.77305
0.774608
0.775341
0.771655
0.777515
0.774748
0.776154
0.776279
0.77349
0.775967
0.774595
0.777589
0.776726
0.775445
0.776995
0.765491
0.777938
0.777722
0.777671
0.771851
0.774052
0.775308
0.778641
0.776612
0.77876
0.776602
0.77104
0.767111
0.76792
0.779473
0.780296
0.780911
0.779601
0.777506
0.780341
0.780688
0.77918
0.779545
0.779644
0.781108
0.770915
0.778118
0.7817
0.779868
0.780806
0.780014
0.782009
0.782674
0.783309
0.782922
0.784506
0.781435
0.784527
0.784377
0.782839
0.781534
0.783882
0.783604
0.784449
0.784915
0.784944
0.783623
0.781204
0.782665
0.781553
0.783881
0.780093
0.786943
0.785038
0.787044
0.7846
0.785116
0.782416
0.782698
0.776311
0.784713
0.78432
0.782533
0.78551
0.783507
0.784515
0.786071
0.787815
0.785951
0.786155
0.78643
0.788857
0.787669
0.784926
0.784296
0.786507
0.784857
0.786038
0.783617
0.787616
0.787417
0.783493
0.78519
0.78838
0.7838
0.773909
0.779814
0.783576
0.783161
0.778829
0.785902
0.7895
0.78848
0.78593
0.786847
0.78745
0.787987
0.785393
0.786932
0.787318
0.789474
0.789346
0.786625
0.789175
0.789447
0.790046
0.789474
0.789477
0.789523
0.787795
0.789499
0.78958
0.78782
0.788207
0.788825
0.790594
0.786224
0.790417
0.786703
0.78871
0.790975
0.788804
0.7897
0.790761
0.787812
0.791842
0.789672
0.7908
0.790065
0.78818
0.792808
0.791063
0.788217
0.788604
0.789102
0.786575
0.788974
0.788357
0.79096
0.790409
0.79259
0.789523
0.790936
0.791928
0.787524
0.791949
0.791831
0.790342
0.791403
0.790148
0.791804
0.791331
0.791133
0.792074
0.790239
0.786557
0.791076
0.790564
0.793009
0.793307
0.787998
0.793291
0.793801
0.79103
0.794748
0.790959
0.793037
0.79274
0.790937
0.790884
0.79432
0.793629
0.793409
0.793776
0.79027
0.792646
0.794127
0.791382
0.791238
0.790766
0.791679
0.789256
0.794108
0.793238
0.790346
0.791227
0.788932
0.793186
0.79351
0.790833
0.794793
0.792248
0.794574
0.792689
0.792571
0.791457
0.788827
0.791402
0.794324
0.792338
0.794277
0.785906
0.793901
0.79569
0.793055
0.793879
0.79598
0.797964
0.794422
0.790569
0.793801
0.793165
0.794274
0.791971
0.791179
0.790903
0.792387
0.794098
0.790849
0.793009
0.795215
0.793405
0.795583
0.79516
0.796772
0.794741
0.791031
0.790978
0.793083
0.795405
0.793851
0.794692
0.795336
0.795141
0.794884
0.791819
0.794368
0.790605
0.789388
0.793562
0.791135
0.789538
0.793103
0.789887
0.792659
0.790188
0.792117
0.7936
0.791258
0.793661
0.792912
0.792414
0.791499
0.795656
0.793531
0.792987
0.794273
0.794937
0.792121
0.793308
0.793824
0.7842
0.79098
0.790188
0.795336
0.795509
0.793732
0.794193
0.794196
0.794939
0.794967
0.79304
0.789346
0.791896
0.789154
0.793823
0.798256
0.795008
0.79442
0.795308
0.796327
0.797563
0.795134
0.796423
0.79553
0.796068
0.795258
0.790041
0.791351
0.795118
0.796408
0.797173
0.794373
0.793776
0.794172
0.7969
0.791798
0.795386
0.792097
0.790386
0.792687
0.796102
0.795441
0.796031
0.797065
0.796716
0.797686
0.795259
0.785637
0.790588
0.794989
0.795141
0.794493
0.794842
0.794747
0.796671
0.793681
0.793918
0.797035
0.795975
0.794519
0.785272
0.79331
0.796403
0.793586
0.791609
0.792961
0.792697
0.795165
0.791876
0.793627
0.792417
0.793335
0.794396
0.79229
0.79165
0.795756
0.795042
0.796324
0.794543
0.793357
0.793781
0.795215
0.794252
0.793708
0.791924
0.795807
0.794126
0.794397
0.794714
0.795183
0.794518
0.7945
0.793462
0.79254
0.792493
0.795534
0.796128
0.796997
0.791457
0.794768
0.794047
0.793309
0.794478
0.792393
0.792916
0.797809
0.796104
0.793852
0.793735
0.795808
0.796155
0.795237
0.797215
0.794345
0.793086
0.79657
0.795334
0.795907
0.796597
0.793627
0.794448
0.793774
0.795254
0.796991
0.796768
0.796383
0.795082
0.794243
0.796424
0.79724
0.796321
0.791899
0.797089
0.7986
0.796985
0.795305
0.792241
0.793681
0.794745
0.79704
0.795806
0.795485
0.798548
0.795977
0.795796
0.798472
0.798128
0.797308
0.79442
0.797882
0.794371
0.796595
0.797088
0.794884
0.79493
0.795479
