0.682394
0.656
0.656805
0.639183
0.637718
0.621615
0.596606
0.577919
0.579787
0.559512
0.555106
0.542379
0.548647
0.549654
0.52336
0.520724
0.530802
0.525291
0.51423
0.505479
0.506879
0.505929
0.500935
0.483481
0.487162
0.488326
0.484795
0.505446
0.485465
0.493954
0.476864
0.493119
0.477311
0.48564
0.466136
0.482666
0.471315
0.46913
0.472782
0.465229
0.460069
0.45936
0.456824
0.455318
0.471504
0.461134
0.456423
0.455399
0.448562
0.442602
0.458041
0.470587
0.460823
0.445638
0.455246
0.450629
0.455174
0.445061
0.447981
0.465995
0.442193
0.451407
0.4356
0.447336
0.439542
0.445284
0.430084
0.440465
0.456808
0.450015
0.437829
0.445959
0.444011
0.438762
0.442175
0.435759
0.442314
0.43912
0.441159
0.425577
0.430598
0.426551
0.445094
0.425778
0.429475
0.417247
0.422376
0.448895
0.437155
0.431193
0.416862
0.428148
0.420198
0.422629
0.426566
0.422185
0.431681
0.427925
0.434674
0.422421
0.421958
0.423094
0.423467
0.417083
0.410714
0.420692
0.415767
0.419297
0.419731
0.435116
0.420773
0.437877
0.429802
0.429295
0.425934
0.415924
0.409105
0.416092
0.415797
0.424981
0.391122
0.414783
0.41745
0.406648
0.407054
0.408746
0.41902
0.40168
0.41343
0.387286
0.410174
0.417862
0.404164
0.414775
0.407723
0.412619
0.401345
0.415225
0.399236
0.408333
0.40515
0.405735
0.396189
0.40211
0.408039
0.409712
0.403008
0.398989
0.386452
0.41026
0.410069
0.400103
0.393429
0.40632
0.398408
0.392741
0.382605
0.400259
0.404505
0.40437
0.397811
0.389078
0.400175
0.394579
0.391945
0.395333
0.385275
0.408823
0.401636
0.411349
0.392672
0.407302
0.391823
0.39958
0.390603
0.392217
0.384597
0.400606
0.38986
0.384271
0.374012
0.377401
0.408352
0.390777
0.381011
0.386188
0.372564
0.387742
0.384136
0.371711
0.391025
0.382783
0.387636
0.380164
0.384867
0.370359
0.383225
0.372943
0.383303
0.372682
0.385463
0.377415
0.395853
0.374185
0.375079
0.385482
0.370248
0.378883
0.376319
0.374811
0.376916
0.373726
0.377735
0.384399
0.368932
0.372124
0.361802
0.379426
0.36783
0.361722
0.358935
0.360607
0.373098
0.371026
0.369937
0.363348
0.361907
0.355004
0.358675
0.374466
0.362646
0.385858
0.369927
0.360235
0.375484
0.350643
0.373589
0.376866
0.363278
0.375528
0.364649
0.357278
0.3618
0.360844
0.36875
0.386017
0.364233
0.363012
0.355289
0.36041
0.363796
0.36968
0.368112
0.364541
0.352789
0.350406
0.348151
0.360276
0.361697
0.352531
0.360359
0.372752
0.359196
0.353413
0.355619
0.362357
0.359523
0.352415
0.365215
0.362142
0.359495
0.353705
0.357159
0.348906
0.349049
0.366948
0.354114
0.350824
0.360028
0.337406
0.350489
0.338621
0.345562
0.341662
0.354516
0.347704
0.348365
0.342685
0.34403
0.354162
0.348369
0.34074
0.347512
0.358654
0.344448
0.340435
0.348346
0.334135
0.341445
0.349639
0.355429
0.341121
0.368928
0.353497
0.353806
0.332874
0.347266
0.345763
0.35382
0.328928
0.34807
0.338157
0.342055
0.347224
0.337968
0.328525
0.341504
0.335547
0.332031
0.335203
0.326333
0.328889
0.327459
0.329715
0.339691
0.331775
0.341812
0.349416
0.343901
0.348559
0.329398
0.34272
0.3325
0.34604
0.324214
0.319902
0.324658
0.328155
0.336252
0.329916
0.318076
0.32044
0.339821
0.323381
0.337886
0.328389
0.326771
0.329733
0.331027
0.314136
0.336347
0.322981
0.328237
0.340951
0.320167
0.329182
0.329999
0.325341
0.323159
0.318261
0.338512
0.318967
0.319442
0.321339
0.325711
0.325067
0.314615
0.320822
0.333701
0.317483
0.324361
0.329132
0.342911
0.323191
0.319964
0.321855
0.310691
0.32328
0.312727
0.325129
0.310491
0.301095
0.327318
0.306315
0.305628
0.326503
0.311597
0.329543
0.333976
0.320493
0.306484
0.304503
0.302802
0.320097
0.313035
0.308402
0.293601
0.313569
0.309385
0.305003
0.307637
0.305471
0.324327
0.290397
0.323078
0.307382
0.292216
0.307028
0.307361
0.319749
0.301108
0.318507
0.299427
0.291436
0.333256
0.308477
0.309909
0.308772
0.320994
0.311958
0.301149
0.290015
0.30558
0.293226
0.305451
0.310095
0.299319
0.313453
0.318861
0.296224
0.29783
0.301949
0.302214
0.299185
0.318424
0.304852
0.299504
0.308816
0.292197
0.314063
0.293911
0.290834
0.29921
0.293926
0.304704
0.309398
0.301533
0.298397
0.307678
0.295188
0.289602
0.293486
0.30307
0.300865
0.299881
0.284288
0.297956
0.286033
0.284606
0.304623
0.296607
0.299288
0.298108
0.295317
0.295448
0.297666
0.300202
0.294052
0.290603
0.286871
0.303699
0.281634
0.292081
0.287829
0.29657
0.296268
0.288128
0.288912
0.296137
0.282352
0.295115
0.274442
0.285742
0.293918
0.295831
0.306509
0.286709
0.283736
0.290811
0.292316
0.300526
0.278122
0.287623
0.283059
0.279175
0.271563
0.292881
0.291501
0.284584
0.28443
