0.602108
0.630342
0.63071
0.630637
0.630613
0.630613
0.630613
0.630564
0.630661
0.630832
0.63093
0.631101
0.631711
0.632983
0.6334
0.633839
0.635402
0.638115
0.642459
0.644392
0.646178
0.644733
0.646687
0.648029
0.650521
0.652155
0.654446
0.657985
0.658208
0.660313
0.660973
0.662875
0.66816
0.675713
0.673392
0.672806
0.674566
0.675567
0.675985
0.680211
0.69118
0.692478
0.687606
0.68739
0.69032
0.686487
0.692649
0.699438
0.696311
0.700217
0.701883
0.70286
0.705669
0.704105
0.70677
0.708188
0.708411
0.709996
0.710214
0.711701
0.714269
0.715542
0.716098
0.715906
0.71686
0.717005
0.71742
0.717226
0.71923
0.718447
0.720596
0.721846
0.721553
0.722408
0.723362
0.723191
0.722282
0.724633
0.727122
0.72798
0.727955
0.72681
0.728322
0.7281
0.731477
0.731231
0.730038
0.730573
0.7337
0.734042
0.732898
0.732237
0.733753
0.734243
0.734286
0.734536
0.734534
0.735804
0.736906
0.73693
0.737516
0.73724
0.737924
0.739402
0.738829
0.739047
0.739195
0.740377
0.741699
0.73925
0.739785
0.742255
0.742645
0.741009
0.74211
0.742891
0.742255
0.742548
0.743919
0.744163
0.744409
0.744873
0.744018
0.745658
0.746416
0.744681
0.746514
0.746296
0.746955
0.747295
0.747147
0.746707
0.747539
0.748775
0.748585
0.747397
0.748907
0.749369
0.749175
0.749124
0.74956
0.748223
0.749318
0.750687
0.750685
0.750758
0.751444
0.750512
0.751493
0.751663
0.751879
0.752443
0.752542
0.753248
0.752422
0.752617
0.753885
0.753329
0.754009
0.754009
0.752766
0.753863
0.75418
0.75313
0.754691
0.754839
0.754276
0.754009
0.754204
0.754107
0.755526
0.754554
0.755696
0.755891
0.755598
0.756918
0.756773
0.756773
0.756552
0.756867
0.756916
0.758434
0.7576
0.758727
0.758432
0.759144
0.759266
0.758501
0.759504
0.757962
0.759115
0.759579
0.759626
0.758871
0.75762
0.759386
0.759705
0.759778
0.758774
0.760633
0.758601
0.760068
0.760289
0.759874
0.759726
0.761027
0.760441
0.758672
0.761833
0.760507
0.760971
0.760729
0.760828
0.762173
0.761437
0.760926
0.762051
0.761831
0.760777
0.762396
0.762398
0.762075
0.762445
0.762563
0.762734
0.762607
0.762608
0.763788
0.763472
0.763493
0.763223
0.763147
0.763886
0.763516
0.763638
0.763953
0.76323
0.764126
0.7644
0.764864
0.764838
0.765307
0.765307
0.763393
0.765446
0.76508
0.765303
0.76496
0.765769
0.766008
0.766058
0.766496
0.766937
0.766693
0.765273
0.766299
0.766177
0.766637
0.765765
0.766982
0.767499
0.766911
0.767082
0.76745
0.766252
0.767178
0.767619
0.766323
0.768477
0.768258
0.767837
0.768648
0.767078
0.767542
0.768571
0.767811
0.767859
0.769227
0.768224
0.769007
0.768443
0.768639
0.769863
0.768543
0.768181
0.769694
0.768765
0.766349
0.768935
0.768199
0.768224
0.769082
0.769769
0.768813
0.768967
0.768815
0.768892
0.76923
0.770136
0.769841
0.768825
0.769311
0.769826
0.76973
0.769657
0.769707
0.768823
0.769995
0.768823
0.76875
0.769968
0.770267
0.769903
0.769951
0.77007
0.769779
0.770361
0.769998
0.770896
0.771043
0.770776
0.770945
0.771974
0.771461
0.771707
0.770571
0.770164
0.770917
0.770951
0.771512
0.771538
0.771369
0.771195
0.771925
0.772121
0.772365
0.771659
0.771612
0.772175
0.771358
0.77136
0.771957
0.772425
0.772126
0.772397
0.772949
0.772635
0.773099
0.772534
0.773097
0.772928
0.773122
0.773809
0.773246
0.773244
0.77361
0.773863
0.773394
0.773441
0.77305
0.77383
0.773195
0.773486
0.772922
0.773315
0.773264
0.773756
0.773685
0.774126
0.773075
0.773443
0.773537
0.773644
0.772859
0.773811
0.773345
0.773197
0.774316
0.773582
0.773679
0.774023
0.773753
0.774459
0.775264
0.774725
0.77502
0.774725
0.774752
0.774825
0.775067
0.775001
0.774021
0.775584
0.774607
0.775385
0.774847
0.775413
0.775488
0.775807
0.776027
0.775542
0.775249
0.775242
0.77512
0.774799
0.775189
0.773798
0.774953
0.775242
0.774928
0.774562
0.774393
0.774588
0.77505
0.774761
0.774909
0.774887
0.774816
0.775129
0.775155
0.775454
0.775766
0.775668
0.776186
0.775638
0.775785
0.776275
0.776372
0.775984
0.774844
0.776147
0.776271
0.775507
0.776324
0.776198
0.775623
0.775696
0.774847
0.776643
0.776269
0.776143
0.77574
0.775631
0.77625
0.777403
0.776228
0.777375
0.77708
0.777178
0.777499
0.776913
0.777276
0.776769
0.778089
0.776031
0.776739
0.777916
0.777569
0.777741
0.77813
0.778155
0.778611
0.778117
0.778078
0.777167
0.777418
0.778224
0.778098
0.777856
0.778096
0.778769
0.778372
0.778277
0.777079
0.778722
0.778526
0.778816
0.779206
0.778917
0.778374
0.778915
0.779139
0.777101
0.779289
0.778865
0.779533
0.779064
0.779283
0.779695
0.780628
0.779651
0.778483
0.778239
0.778633
0.778891
0.776898
0.780279
0.779586
0.77924
0.779862
