0.753329
0.705793
0.690427
0.677167
0.670579
0.668791
0.661761
0.655631
0.659984
0.65027
0.650095
0.649993
0.648991
0.645841
0.643039
0.646113
0.646293
0.640933
0.641741
0.642202
0.638858
0.637804
0.63828
0.634173
0.633276
0.629897
0.632228
0.625912
0.626759
0.631523
0.623766
0.621982
0.625548
0.625272
0.626956
0.624164
0.62453
0.616525
0.608591
0.619145
0.621147
0.616057
0.611671
0.616903
0.612428
0.60544
0.609951
0.606488
0.603491
0.608913
0.598917
0.603242
0.596821
0.599719
0.595753
0.598494
0.596068
0.595536
0.591906
0.592739
0.589412
0.593926
0.592614
0.591297
0.594327
0.589657
0.584374
0.576895
0.587609
0.578988
0.583876
0.587309
0.578108
0.582321
0.581249
0.581591
0.574241
0.574915
0.57522
0.577922
0.571942
0.579088
0.564309
0.573454
0.575363
0.572319
0.569341
0.569226
0.574067
0.565131
0.565481
0.566501
0.55903
0.564979
0.562139
0.561834
0.55659
0.558732
0.56605
0.568396
0.561508
0.565115
0.555912
0.55953
0.555638
0.554332
0.552137
0.558513
0.556585
0.556086
0.552656
0.561678
0.55357
0.548107
0.551932
0.548225
0.549502
0.550293
0.558482
0.543997
0.549917
0.550478
0.547879
0.543939
0.541039
0.542391
0.547211
0.543507
0.545757
0.542921
0.549187
0.544744
0.547524
0.547073
0.546917
0.538579
0.54236
0.538398
0.538392
0.542094
0.539466
0.539278
0.537464
0.531681
0.537145
0.537169
0.537544
0.52834
0.540464
0.541118
0.542368
0.540473
0.538909
0.540536
0.533915
0.535628
0.531188
0.528001
0.538787
0.532945
0.525478
0.528128
0.518996
0.526505
0.53377
0.526106
0.526695
0.521444
0.524657
0.527902
0.534417
0.524685
0.528568
0.521855
0.524363
0.526093
0.524127
0.517736
0.519178
0.520467
0.523854
0.522353
0.524636
0.520142
0.523737
0.524445
0.52884
0.514185
0.527198
0.521987
0.518318
0.51421
0.519011
0.517819
0.518395
0.521315
0.517682
0.519422
0.508487
0.51172
0.50556
0.516608
0.522287
0.510508
0.521344
0.525494
0.517464
0.521784
0.512598
0.511817
0.506691
0.511747
0.515322
0.510297
0.518687
0.502951
0.504536
0.510726
0.508528
0.512084
0.508326
0.502716
0.510586
0.513483
0.502829
0.502568
0.501581
0.512643
0.50319
0.502417
0.503337
0.507692
0.505413
0.505516
0.508558
0.50148
0.501742
0.502181
0.503609
0.50047
0.5031
0.503747
0.504734
0.500913
0.509442
0.502879
0.501831
0.48952
0.502287
0.500119
0.502927
0.493577
0.503379
0.490991
0.496809
0.492975
0.491322
0.491469
0.498413
0.499944
0.493487
0.50546
0.50284
0.495154
0.488464
0.49114
0.494897
0.497039
0.493118
0.483987
0.483919
0.497709
0.491802
0.496182
0.498129
0.491421
0.495754
0.4865
0.492906
0.490615
0.499638
0.492363
0.486429
0.490691
0.487701
0.494278
0.4898
0.47895
0.485069
0.48495
0.483242
0.485014
0.491873
0.494718
0.479972
0.488367
0.480295
0.48812
0.494488
0.49097
0.481162
0.484495
0.489786
0.488697
0.482201
0.497379
0.480169
0.490897
0.480474
0.490817
0.47953
0.482675
0.479937
0.472884
0.484779
0.484278
0.483018
0.479881
0.47737
0.473934
0.471668
0.480652
0.490766
0.481374
0.492561
0.476563
0.477865
0.48365
0.479626
0.480634
0.483136
0.478455
0.481245
0.480212
0.477151
0.475676
0.476277
0.48124
0.47872
0.473976
0.482696
0.478074
0.472766
0.477668
0.47004
0.47903
0.474982
0.469926
0.476104
0.485569
0.471409
0.469425
0.470768
0.47435
0.471259
0.471348
0.476994
0.469923
0.467974
0.464926
0.470768
0.476312
0.478299
0.473374
0.467306
0.4752
0.474637
0.475449
0.464877
0.468071
0.465392
0.474963
0.472008
0.476973
0.468046
0.475052
0.459634
0.47607
0.466264
0.474467
0.463725
0.471545
0.475198
0.46804
0.465559
0.459902
0.468854
0.467543
0.465816
0.478543
0.459818
0.469717
0.475437
0.468767
0.469715
0.468198
0.467388
0.457739
0.466017
0.464541
0.466692
0.474706
0.454717
0.457381
0.467032
0.458573
0.459005
0.461981
0.457107
0.452572
0.461355
0.458204
0.461387
0.45271
0.463452
0.456443
0.455867
0.457922
0.453604
0.462977
0.453139
0.456059
0.460455
0.454367
0.463269
0.461399
0.458318
0.454356
0.457947
0.453117
0.458024
0.450447
0.453818
0.457425
0.45514
0.46108
0.457451
0.458893
0.460627
0.45222
0.456243
0.456632
0.44964
0.45311
0.459939
0.45284
0.452516
0.449524
0.461438
0.439815
0.460843
0.455213
0.452298
0.444845
0.453175
0.452059
0.456267
0.441618
0.455122
0.454835
0.443102
0.457563
0.447992
0.442777
0.454648
0.456609
0.444932
0.446231
0.455456
0.451905
0.449032
0.446512
0.452575
0.450519
0.446762
0.448388
0.440546
0.446021
0.439899
0.442929
0.450662
0.448416
0.448492
0.451432
0.444497
0.44566
0.443937
0.451294
0.451314
0.449038
0.445432
0.444457
0.439797
0.452053
0.443993
0.442091
0.449808
0.443857
0.45029
0.449648
