0.630691
0.630691
0.630691
0.630691
0.630691
0.63079
0.639276
0.726833
0.74642
0.758237
0.752865
0.754142
0.766396
0.75919
0.771314
0.761503
0.728119
0.768842
0.765887
0.767298
0.771318
0.776472
0.782202
0.778271
0.773994
0.777014
0.761004
0.742875
0.785686
0.786559
0.78109
0.787974
0.789437
0.789233
0.790132
0.790173
0.781135
0.790433
0.780999
0.791566
0.770047
0.791247
0.789026
0.77269
0.796321
0.79162
0.791827
0.796102
0.790148
0.799763
0.799588
0.801247
0.799576
0.798307
0.798313
0.798651
0.802361
0.80142
0.806146
0.786019
0.805406
0.804212
0.782738
0.801471
0.762456
0.798426
0.807178
0.80471
0.808407
0.807403
0.809679
0.809706
0.805952
0.801384
0.809222
0.812875
0.809685
0.800927
0.811952
0.810746
0.811532
0.812351
0.808505
0.802683
0.806618
0.815893
0.812245
0.813495
0.813365
0.813655
0.809644
0.814145
0.788181
0.813839
0.785663
0.808946
0.807947
0.817353
0.818882
0.815376
0.813685
0.818833
0.819628
0.805235
0.819601
0.818612
0.820676
0.818009
0.814352
0.812835
0.797499
0.820368
0.819381
0.820465
0.823785
0.822496
0.793997
0.819284
0.821804
0.823513
0.819917
0.823367
0.820885
0.811031
0.823215
0.825069
0.79958
0.813139
0.823679
0.827022
0.82563
0.824443
0.825942
0.824099
0.829017
0.829418
0.828155
0.828277
0.825782
0.824392
0.816274
0.815735
0.827488
0.826048
0.827115
0.82535
0.830472
0.82883
0.825261
0.824676
0.828817
0.82981
0.830835
0.832688
0.82974
0.831122
0.824241
0.831639
0.820928
0.831472
0.7879
0.802199
0.829107
0.83128
0.830465
0.829673
0.829492
0.813734
0.826923
0.830535
0.829647
0.825837
0.819249
0.833998
0.831299
0.830168
0.83145
0.833945
0.833747
0.828899
0.833479
0.834021
0.834466
0.836495
0.836174
0.832068
0.829173
0.833774
0.836178
0.83768
0.836349
0.832768
0.823133
0.826724
0.823899
0.836172
0.833236
0.834954
0.832402
0.836188
0.836411
0.837948
0.828905
0.837081
0.837634
0.837896
0.828073
0.837902
0.836986
0.819408
0.838743
0.83577
0.835027
0.838319
0.83876
0.826044
0.834956
0.831491
0.837754
0.838416
0.837556
0.834319
0.824262
0.840097
0.822448
0.83735
0.833965
0.839798
0.822783
0.839386
0.840226
0.839406
0.839306
0.840494
0.839165
0.837756
0.836495
0.837482
0.838695
0.836909
0.828842
0.833611
0.808084
0.840612
0.82645
0.840523
0.832208
0.837849
0.83817
0.841213
0.839699
0.840846
0.836073
0.836219
0.839433
0.832954
0.84042
0.840447
0.838689
0.841531
0.835745
0.842227
0.838335
0.839777
0.832792
0.843613
0.826598
0.840745
0.841831
0.840544
0.840915
0.842796
0.84049
0.842653
0.840428
0.84364
0.844576
0.842
0.841801
0.827602
0.837206
0.842794
0.84279
0.843754
0.843795
0.840283
0.843954
0.836722
0.837461
0.839551
0.832276
0.842431
0.833916
0.845146
0.84345
0.842073
0.842385
0.838961
0.843883
0.844452
0.83879
0.840669
0.844448
0.842548
0.841285
0.845019
0.843754
0.846704
0.844545
0.844944
0.844899
0.837713
0.844864
0.840511
0.844838
0.845212
0.830365
0.840832
0.844205
0.845709
0.845391
0.836774
0.846279
0.845907
0.846432
0.845464
0.837307
0.845045
0.842645
0.84568
0.840296
0.842472
0.846928
0.845393
0.846059
0.844676
0.846453
0.844151
0.844133
0.845686
0.830852
0.838867
0.823091
0.844205
0.844652
0.840055
0.839604
0.845661
0.844028
0.847021
0.839118
0.844497
0.843189
0.845917
0.846261
0.847179
0.84562
0.843047
0.847429
0.84651
0.84213
0.84596
0.848166
0.846386
0.844678
0.829072
0.843712
0.845451
0.846936
0.846816
0.814923
0.82168
0.842878
0.845624
0.843448
0.839981
0.840645
0.841299
0.84466
0.837716
0.840474
0.843244
0.84439
0.844264
0.821295
0.821509
0.811171
0.84536
0.842212
0.842362
0.844091
0.846868
0.839987
0.844736
0.845702
0.846771
0.846712
0.843792
0.845198
0.84547
0.843288
0.840084
0.839903
0.844981
0.847373
0.847647
0.843049
0.84555
0.84291
0.844348
0.845407
0.846617
0.846588
0.84822
0.84473
0.845177
0.844905
0.846813
0.843049
0.843168
0.846291
0.837608
0.84597
0.847803
0.827884
0.846687
0.848374
0.847449
0.845278
0.842354
0.8452
0.836001
0.846854
0.846557
0.848271
0.848611
0.83082
0.831899
0.845832
0.835354
0.846679
0.839631
0.846263
0.844895
0.839155
0.84131
0.842276
0.8441
0.843764
0.844853
0.843811
0.84357
0.846928
0.842565
0.846685
0.83763
0.847206
0.846761
0.845017
0.846139
0.847052
0.841415
0.846318
0.84543
0.848224
0.845477
0.847921
0.846137
0.848119
0.847077
0.848376
0.847917
0.847807
0.845278
0.847206
0.844884
0.847145
0.84747
0.840552
0.845266
0.845466
0.840453
0.841067
0.843218
0.842356
0.84342
0.844996
0.84673
0.845361
0.847715
0.846308
0.848725
0.842493
0.846502
0.848065
0.843168
0.847775
0.84562
0.847004
0.839178
