1.344587
0.816714
0.724675
0.735127
0.675362
0.628095
0.611615
0.5851
0.571651
0.571425
0.542175
0.558646
0.552113
0.539058
0.527698
0.53028
0.523093
0.489034
0.48294
0.511955
0.485958
0.476685
0.463841
0.463909
0.470115
0.442534
0.458271
0.472167
0.438824
0.43559
0.452862
0.426745
0.435253
0.431976
0.441941
0.415156
0.454356
0.412145
0.418555
0.41243
0.401055
0.427669
0.415794
0.407655
0.440989
0.406665
0.391897
0.458856
0.411733
0.399381
0.39299
0.408372
0.405879
0.403219
0.440674
0.404464
0.404655
0.398407
0.406666
0.400843
0.410571
0.371333
0.397298
0.400202
0.417145
0.384008
0.370494
0.356846
0.373603
0.388354
0.357933
0.369702
0.378498
0.359008
0.354705
0.348027
0.374438
0.347409
0.3789
0.373272
0.347331
0.335265
0.341903
0.344578
0.330181
0.362827
0.340866
0.342881
0.352745
0.362308
0.326456
0.34012
0.348426
0.3666
0.355305
0.385806
0.341765
0.34067
0.357771
0.327429
0.356627
0.322243
0.360315
0.326139
0.339844
0.331874
0.309621
0.31356
0.348532
0.326616
0.296028
0.327996
0.321012
0.31771
0.312856
0.301166
0.325602
0.325619
0.328806
0.310166
0.310013
0.299379
0.321753
0.325249
0.3118
0.284849
0.310679
0.290917
0.296296
0.30076
0.291346
0.298543
0.293071
0.297079
0.289946
0.300384
0.320157
0.304435
0.281423
0.282204
0.302836
0.314696
0.307452
0.282465
0.279288
0.277087
0.268948
0.256593
0.291306
0.290676
0.280582
0.286812
0.282308
0.277847
0.263201
0.291313
0.273296
0.257145
0.318378
0.270052
0.392664
0.311516
0.278559
0.291486
0.288287
0.255977
0.276652
0.340094
0.273779
0.283841
0.27933
0.26264
0.262074
0.248323
0.25715
0.258437
0.278051
0.234079
0.252633
0.246552
0.243255
0.268634
0.274898
0.23281
0.246433
0.256406
0.259917
0.254158
0.239803
0.235206
0.224359
0.226942
0.227363
0.239123
0.264479
0.246226
0.236583
0.255719
0.228544
0.226407
0.225477
0.239129
0.205419
0.236014
0.214152
0.227786
0.222349
0.214321
0.215162
0.197278
0.227994
0.246688
0.230394
0.237988
0.202502
0.257495
0.214902
0.22218
0.21445
0.21824
0.220477
0.227078
0.242761
0.230254
0.216065
0.198929
0.21068
0.205943
0.193214
0.208139
0.200301
0.191257
0.198516
0.217246
0.233477
0.228122
0.212173
0.207161
0.205467
0.199441
0.188669
0.205103
0.188238
0.200352
0.209844
0.186042
0.203998
0.223116
0.19324
0.2079
0.202656
0.204479
0.186999
0.191539
0.210065
0.192529
0.200685
0.215985
0.169793
0.176148
0.195734
0.200487
0.199082
0.199112
0.181588
0.199697
0.185803
0.182512
0.185077
0.171847
0.180887
0.1876
0.18352
0.185636
0.166273
0.189638
0.178625
0.174367
0.207672
0.174766
0.184974
0.198147
0.182633
0.166246
0.184021
0.186892
0.193835
0.216943
0.199862
0.178956
0.165955
0.172592
0.191321
0.164591
0.18003
0.187314
0.176469
0.174187
0.16603
0.146804
0.177345
0.189353
0.166857
0.163632
0.17241
0.172418
0.150284
0.151842
0.158989
0.174056
0.159295
0.14193
0.152662
0.154748
0.155542
0.155539
0.172215
0.1619
0.157202
0.169269
0.163598
0.144708
0.151138
0.157212
0.155507
0.147828
0.160372
0.162829
0.153083
0.15266
0.15618
0.153148
0.149098
0.137436
0.154354
0.156317
0.164079
0.130742
0.151156
0.13057
0.142767
0.121543
0.158319
0.148831
0.153297
0.13569
0.158051
0.157461
0.127477
0.13503
0.163005
0.140489
0.142777
0.141918
0.143072
0.137029
0.138281
0.137177
0.132099
0.134495
0.143765
0.138853
0.115102
0.147362
0.140555
0.144891
0.142322
0.147325
0.131599
0.126763
0.189899
0.179834
0.12149
0.122311
0.14673
0.181913
0.151845
0.140277
0.116986
0.117544
0.159597
0.111869
0.14349
0.134851
0.199091
0.148905
0.141121
0.139234
0.128112
0.148542
0.129045
0.115586
0.12252
0.138942
0.128482
0.125259
0.115365
0.127621
0.104716
0.106797
0.143188
0.141826
0.114352
0.140662
0.136416
0.125243
0.106499
0.119286
0.104534
0.118802
0.116931
0.122661
0.114272
0.123856
0.12065
0.111772
0.116075
0.10669
0.120397
0.126804
0.112598
0.109575
0.094277
0.129751
0.136564
0.118328
0.118178
0.122324
0.128404
0.123313
0.122101
0.115524
0.130367
0.135554
0.0945
0.115202
0.116244
0.152472
0.125317
0.129282
0.117799
0.108191
0.111757
0.110548
0.108106
0.10525
0.116321
0.133788
0.114086
0.122148
0.126084
0.128415
0.097511
0.094677
0.100213
0.137663
0.112423
0.110368
0.12746
0.108185
0.111005
0.10914
0.115649
0.098876
0.110976
0.116797
0.093922
0.101927
0.111913
0.106168
0.107104
0.104764
0.108818
0.091686
0.103995
0.100324
0.097518
0.098917
0.102943
0.098371
0.090637
0.097096
0.111934
0.094205
0.112685
0.085607
0.104395
0.111393
0.122233
0.086131
0.103399
0.073687
0.10439
0.098167
0.119841
0.111347
0.10002
0.092659
0.104074
0.106326
