0.690386
0.685194
0.681422
0.67514
0.673391
0.672823
0.664212
0.665223
0.665533
0.659175
0.658752
0.655563
0.655378
0.653703
0.654454
0.654441
0.653572
0.649226
0.651242
0.648926
0.64309
0.646614
0.644689
0.634823
0.636842
0.633856
0.631501
0.625588
0.625951
0.630838
0.624945
0.615486
0.620181
0.618902
0.622758
0.617829
0.616218
0.611729
0.597837
0.610507
0.609683
0.610755
0.600651
0.60578
0.595995
0.593686
0.593392
0.594342
0.594735
0.597886
0.586067
0.591111
0.584225
0.591433
0.588762
0.586148
0.582398
0.580292
0.579026
0.578856
0.575418
0.584161
0.573885
0.578029
0.576953
0.571822
0.569951
0.560311
0.572562
0.558357
0.563803
0.56891
0.556805
0.567611
0.562084
0.566662
0.554513
0.559121
0.560939
0.56012
0.558343
0.561179
0.543071
0.553877
0.559113
0.557788
0.551405
0.551692
0.55542
0.550308
0.548515
0.554805
0.548642
0.548437
0.551413
0.54493
0.54331
0.542816
0.553407
0.545611
0.544763
0.546487
0.540468
0.548567
0.531272
0.539066
0.532418
0.542241
0.533554
0.540258
0.534962
0.543805
0.534475
0.532106
0.536692
0.531824
0.534086
0.537365
0.536485
0.529102
0.535824
0.534762
0.526869
0.522321
0.521295
0.52428
0.533904
0.525267
0.525165
0.531527
0.531686
0.523374
0.525899
0.521251
0.532084
0.524815
0.525869
0.523217
0.516763
0.531746
0.52547
0.527104
0.522957
0.511273
0.523981
0.521304
0.51877
0.513852
0.523166
0.525255
0.52795
0.526803
0.52097
0.518697
0.515851
0.519352
0.513959
0.506732
0.520518
0.514983
0.515533
0.511367
0.500675
0.50812
0.520146
0.512218
0.514677
0.505555
0.516871
0.517494
0.51175
0.510978
0.513338
0.501888
0.510477
0.507934
0.508441
0.499849
0.504403
0.510128
0.513863
0.506606
0.513023
0.507457
0.503017
0.512227
0.515464
0.503377
0.51487
0.508273
0.503967
0.504038
0.511971
0.496958
0.501854
0.497509
0.497283
0.507241
0.493569
0.498847
0.486763
0.510285
0.510245
0.493963
0.506493
0.508033
0.505957
0.507956
0.49481
0.502399
0.489554
0.501832
0.503874
0.500232
0.504656
0.492611
0.495861
0.493077
0.500804
0.502885
0.499552
0.493163
0.491052
0.499589
0.492801
0.489945
0.485403
0.501476
0.486784
0.488939
0.496574
0.487745
0.486766
0.488683
0.493633
0.489419
0.488324
0.489211
0.486601
0.488382
0.488625
0.489715
0.494401
0.488298
0.494472
0.487962
0.490278
0.478217
0.492297
0.488252
0.48986
0.484946
0.49109
0.479718
0.48777
0.485385
0.479003
0.478553
0.488778
0.486471
0.477157
0.489794
0.490795
0.48509
0.474625
0.480539
0.483351
0.484227
0.485667
0.477008
0.479208
0.488614
0.479584
0.487248
0.485006
0.480041
0.482738
0.478248
0.48542
0.4915
0.489761
0.485291
0.471666
0.480196
0.480532
0.483077
0.47513
0.468919
0.474115
0.473796
0.473759
0.476111
0.482476
0.490895
0.47574
0.486371
0.467218
0.481284
0.483061
0.482284
0.470411
0.472373
0.480777
0.479933
0.472923
0.476388
0.467391
0.482875
0.474013
0.47679
0.470154
0.474939
0.476575
0.461094
0.472253
0.476464
0.469759
0.466336
0.466157
0.465747
0.461963
0.473089
0.482769
0.468179
0.480768
0.468886
0.470393
0.478424
0.469648
0.466479
0.470885
0.466322
0.472572
0.472135
0.473475
0.466474
0.474349
0.473918
0.470988
0.466044
0.47452
0.466879
0.463492
0.46516
0.458903
0.472583
0.475773
0.461272
0.470703
0.47399
0.46533
0.458202
0.457425
0.463827
0.470229
0.467249
0.462722
0.458339
0.459679
0.454985
0.463258
0.472429
0.468551
0.465003
0.462995
0.469888
0.463822
0.462873
0.456433
0.463496
0.45919
0.469662
0.460667
0.469275
0.463523
0.460924
0.452203
0.457241
0.46074
0.464679
0.456834
0.461747
0.462959
0.456931
0.458167
0.455837
0.46151
0.467523
0.457173
0.473875
0.460472
0.464034
0.46384
0.458709
0.457655
0.460681
0.458712
0.46201
0.460253
0.459445
0.457467
0.46141
0.447675
0.449599
0.456542
0.453658
0.454704
0.456955
0.448391
0.446346
0.459118
0.453907
0.44955
0.455517
0.453887
0.455768
0.443915
0.455527
0.45238
0.45752
0.45141
0.451243
0.456542
0.443945
0.451319
0.452361
0.449234
0.441575
0.450757
0.452916
0.457425
0.44362
0.44858
0.449557
0.448673
0.446146
0.451398
0.447162
0.45269
0.449254
0.445557
0.452244
0.439519
0.445593
0.451317
0.445175
0.446509
0.446708
0.453161
0.431957
0.45248
0.444881
0.44807
0.440868
0.443947
0.44926
0.447504
0.439084
0.450771
0.448147
0.447382
0.454916
0.442907
0.438877
0.44761
0.447986
0.440038
0.443162
0.446018
0.446295
0.44109
0.44771
0.445324
0.448134
0.438591
0.449154
0.436907
0.439077
0.434222
0.439955
0.446761
0.440475
0.442325
0.44611
0.442005
0.443747
0.444533
0.449343
0.447859
0.44591
0.434559
0.437591
0.440286
0.43732
0.441771
0.433436
0.444668
0.441419
0.441813
0.438812
