0.617927
0.629292
0.630637
0.630661
0.630661
0.630661
0.630661
0.630661
0.630661
0.630661
0.630661
0.630661
0.630661
0.630661
0.630661
0.630661
0.630661
0.630661
0.630661
0.630661
0.630661
0.630661
0.630661
0.630661
0.630661
0.630686
0.631075
0.631927
0.634977
0.653014
0.648253
0.647445
0.666038
0.671116
0.677266
0.678438
0.674288
0.684605
0.679394
0.694157
0.69269
0.694889
0.695626
0.69824
0.696752
0.700732
0.70286
0.704443
0.702377
0.705909
0.70606
0.709127
0.708351
0.711249
0.712396
0.711063
0.713236
0.712894
0.713502
0.715561
0.71538
0.716306
0.717333
0.718565
0.719394
0.719195
0.720515
0.721467
0.722301
0.722173
0.723013
0.723279
0.723388
0.724398
0.724859
0.725627
0.725373
0.727185
0.72785
0.727972
0.728429
0.728898
0.729238
0.727723
0.73068
0.731368
0.731191
0.732051
0.732245
0.73254
0.733644
0.734297
0.734226
0.734324
0.733591
0.734521
0.735937
0.736063
0.736598
0.735766
0.736895
0.73645
0.73838
0.736722
0.739094
0.73956
0.738435
0.739881
0.739539
0.739781
0.741366
0.738649
0.740891
0.741689
0.742508
0.741562
0.741969
0.742146
0.743314
0.742533
0.741122
0.742166
0.744026
0.74395
0.743954
0.744149
0.744809
0.744805
0.744931
0.745517
0.745473
0.745887
0.744788
0.746418
0.741291
0.745947
0.746745
0.746786
0.746409
0.746014
0.74658
0.74655
0.748125
0.74652
0.748082
0.748319
0.748818
0.748268
0.748463
0.748612
0.748414
0.748839
0.749348
0.749588
0.749222
0.750007
0.749761
0.749981
0.749476
0.7503
0.74993
0.750424
0.750276
0.751115
0.749596
0.75045
0.750771
0.7518
0.751325
0.750749
0.751132
0.751727
0.751361
0.751158
0.752309
0.753044
0.752702
0.752142
0.752554
0.751953
0.753585
0.752533
0.752557
0.753145
0.753371
0.753337
0.753042
0.753143
0.754
0.750262
0.752724
0.75371
0.752954
0.754856
0.754174
0.75451
0.754298
0.754591
0.753956
0.754326
0.754741
0.754948
0.754345
0.75485
0.755053
0.753932
0.755573
0.75507
0.755667
0.756124
0.756291
0.75671
0.756574
0.756835
0.756685
0.757326
0.756565
0.756571
0.757254
0.756881
0.757551
0.757767
0.756835
0.757957
0.757008
0.757743
0.757741
0.757814
0.758255
0.75714
0.758723
0.757964
0.757793
0.758601
0.75824
0.758375
0.758454
0.75836
0.758574
0.759134
0.759775
0.758869
0.758212
0.758028
0.759673
0.758655
0.759361
0.759919
0.759893
0.758676
0.759018
0.760409
0.760967
0.760237
0.759701
0.76105
0.759917
0.760334
0.760062
0.761438
0.760334
0.760601
0.761776
0.760991
0.761726
0.760505
0.759628
0.76141
0.761559
0.759996
0.761947
0.762389
0.761825
0.762242
0.761726
0.762894
0.761822
0.762387
0.759097
0.760682
0.762409
0.761313
0.762218
0.762094
0.762068
0.760171
0.762284
0.762946
0.76212
0.75868
0.763508
0.763213
0.762165
0.761756
0.763628
0.762922
0.761972
0.763316
0.763241
0.762387
0.762214
0.763316
0.763484
0.763589
0.762391
0.760477
0.763904
0.764101
0.763713
0.763899
0.764291
0.76412
0.764098
0.762922
0.763583
0.764051
0.764488
0.763339
0.763972
0.762798
0.758037
0.763435
0.764659
0.764195
0.763656
0.763758
0.764438
0.763457
0.763266
0.764828
0.762826
0.761089
0.765213
0.764774
0.762484
0.761752
0.765005
0.764242
0.759549
0.761577
0.765363
0.765487
0.764774
0.764312
0.764633
0.765561
0.764195
0.765388
0.764607
0.761042
0.765027
0.765658
0.763046
0.76637
0.762586
0.761634
0.766903
0.762533
0.766071
0.765125
0.76566
0.763388
0.766055
0.764021
0.765121
0.763848
0.763288
0.764193
0.766952
0.765044
0.764338
0.766539
0.762995
0.766094
0.763972
0.765976
0.767129
0.764995
0.763827
0.767664
0.767275
0.761853
0.768466
0.764629
0.760759
0.7661
0.768541
0.763022
0.765461
0.765948
0.765138
0.767514
0.766269
0.765998
0.765901
0.76597
0.766999
0.76732
0.766928
0.76798
0.766023
0.764265
0.766047
0.767292
0.767981
0.76702
0.766094
0.766586
0.766879
0.767223
0.76883
0.765996
0.764239
0.766825
0.767367
0.766682
0.764336
0.767852
0.767683
0.766851
0.765362
0.76468
0.76825
0.767782
0.766926
0.768271
0.768222
0.768147
0.763286
0.765948
0.768049
0.768297
0.764306
0.767854
0.768857
0.768858
0.767241
0.764746
0.76908
0.769396
0.767365
0.766725
0.76341
0.767852
0.769927
0.770074
0.77081
0.768319
0.766898
0.766432
0.767435
0.769202
0.768419
0.769908
0.765211
0.764064
0.765702
0.76778
0.769717
0.770718
0.77003
0.765508
0.770244
0.767856
0.770907
0.768291
0.770323
0.770438
0.770517
0.771052
0.766385
0.769542
0.771078
0.766684
0.767705
0.769957
0.769762
0.769125
0.768124
0.770248
0.771058
0.769779
0.767655
0.767412
0.769414
0.770171
0.768438
0.771538
0.770243
0.769412
0.771659
0.770053
0.768558
0.769069
0.770443
0.768145
0.770735
0.770539
0.771105
0.771082
